"dates" "ALF" "PCH" "LCM" "SCM"
"1984-03-01" 2.4 4.7 0 0
"1984-04-01" 33.1 43.1 30 0
"1984-05-01" 60.2 74.4 15 14.87
"1984-06-01" 83.9 110.1 105 45
"1984-07-01" 179.3 219.5 180 135
"1984-08-01" 174.4 211.3 90 75
"1984-09-01" 138.4 0 60 60
"1984-09-30" 0 0 0 0
"1985-03-01" 9.1 22.3 0 0
"1985-04-01" 69.3 89.5 60 0
"1985-05-01" 55.2 76.3 105 43.98
"1985-06-01" 133.9 166.8 150 150
"1985-07-01" 147.4 182.9 135 105
"1985-08-01" 173 210.2 135 120
"1985-09-01" 174.7 0 60 60
"1985-09-30" 0 0 0 0
"1986-03-01" 8.3 15.9 0 0
"1986-04-01" 59 80.3 45 0
"1986-05-01" 85 111 165 29.02
"1986-06-01" 131.3 166.8 165 195
"1986-07-01" 168 209.2 165 135
"1986-08-01" 161 198.7 105 90
"1986-09-01" 92.2 0 0 15
"1986-09-30" 0 0 0 0
"1987-03-01" 16.7 30.4 0 0
"1987-04-01" 65.6 88.1 75 0
"1987-05-01" 130.1 159.5 15 29.41
"1987-06-01" 112.6 140.8 135 30
"1987-07-01" 173.9 214.3 135 105
"1987-08-01" 149.7 182.9 105 105
"1987-09-01" 141.1 0 45 15
"1987-09-30" 0 0 0 0
"1988-03-01" 28.3 47.9 0 0
"1988-04-01" 40.3 58 15 0
"1988-05-01" 59 81.4 45 44.26
"1988-06-01" 98.2 131.3 90 15
"1988-07-01" 150.8 185.4 165 135
"1988-08-01" 175.1 210.8 120 120
"1988-09-01" 175.5 0 75 60
"1988-09-30" 0 0 0 0
"1989-03-01" 18.9 33.9 0 0
"1989-04-01" 46.7 69 45 0
"1989-05-01" 89.6 116.1 45 30
"1989-06-01" 134.6 168.8 180 135
"1989-07-01" 167.1 208.1 150 120
"1989-08-01" 136.6 167.5 90 90
"1989-09-01" 90.2 0 15 0
"1989-09-30" 0 0 0 0
"1990-03-01" 28.1 50 0 0
"1990-04-01" 51.4 73.2 75 0
"1990-05-01" 115.8 144.6 60 30
"1990-06-01" 58.8 85.8 120 90
"1990-07-01" 172.4 213.4 165 135
"1990-08-01" 170.5 209.3 105 90
"1990-09-01" 120 0 60 60
"1990-09-30" 0 0 0 0
"1991-03-01" 5 13.1 0 0
"1991-04-01" 52.6 67.8 75 0
"1991-05-01" 96.1 121.9 45 60
"1991-06-01" 159.1 197.1 135 45
"1991-07-01" 179.8 221.2 165 135
"1991-08-01" 164.2 203.2 120 105
"1991-09-01" 145 0 60 60
"1991-09-30" 0 0 0 0
"1992-03-01" 19.2 33.4 0 0
"1992-04-01" 59.6 82.1 60 0
"1992-05-01" 94.9 124.5 0 29.31
"1992-06-01" 21.5 35.7 30 0
"1992-07-01" 122.7 158.8 150 105
"1992-08-01" 155.8 193.6 105 105
"1992-09-01" 119.4 0 30 30
"1992-09-30" 0 0 0 0
"1993-03-01" 17.7 35.1 0 0
"1993-04-01" 67 88.9 60 0
"1993-05-01" 46.9 65.2 30 44.39
"1993-06-01" 144.5 177.9 150 45
"1993-07-01" 170.2 210.4 165 150
"1993-08-01" 171.8 209 90 75
"1993-09-01" 109.6 0 60 45
"1993-09-30" 0 0 0 0
"1994-03-01" 23.5 42.5 0 0
"1994-04-01" 80 107 60 0
"1994-05-01" 59.7 85.7 75 60
"1994-06-01" 159.2 196.6 180 120
"1994-07-01" 183.3 226.3 165 150
"1994-08-01" 166.5 204.6 120 105
"1994-09-01" 122.7 0 45 30
"1994-09-30" 0 0 0 0
"1995-03-01" 26.5 47.7 0 0
"1995-04-01" 92.1 120.6 75 0
"1995-05-01" 76.1 96.3 45 59.45
"1995-06-01" 140.5 175.3 120 45
"1995-07-01" 166.3 204.4 165 135
"1995-08-01" 171.4 208.9 150 120
"1995-09-01" 161 0 45 45
"1995-09-30" 0 0 0 0
"1996-03-01" 17.1 28.3 0 0
"1996-04-01" 62.8 82.5 45 0
"1996-05-01" 41.2 52.3 30 44.25
"1996-06-01" 108.3 172.5 105 30
"1996-07-01" 141.1 196 150 135
"1996-08-01" 148.1 184.8 105 90
"1996-09-01" 152.4 0 45 45
"1996-09-30" 0 0 0 0
"1997-03-01" 31.5 53.3 0 0
"1997-04-01" 78.2 106.2 45 0
"1997-05-01" 97.2 120.6 60 45
"1997-06-01" 102.4 131 15 0
"1997-07-01" 106.7 140.4 120 105
"1997-08-01" 119.7 146.4 60 45
"1997-09-01" 118 0 45 45
"1997-09-30" 0 0 0 0
"1998-03-01" 30.7 51.6 0 0
"1998-04-01" 47.8 71.8 60 0
"1998-05-01" 64.6 81.8 30 30
"1998-06-01" 129.5 163.9 150 60
"1998-07-01" 153.5 196.1 150 120
"1998-08-01" 171.7 208.9 120 105
"1998-09-01" 148.4 0 60 45
"1998-09-30" 0 0 0 0
"1999-03-01" 20.7 30.9 0 0
"1999-04-01" 66.9 85.3 45 0
"1999-05-01" 53.6 76.6 0 30
"1999-06-01" 117.3 150.8 135 60
"1999-07-01" 178.3 220.6 150 135
"1999-08-01" 155.2 189.5 105 75
"1999-09-01" 105.7 0 15 30
"1999-09-30" 0 0 0 0
"2000-03-01" 39.1 63.4 0 0
"2000-04-01" 10.5 20.6 30 0
"2000-05-01" 70.4 91.9 60 44.6
"2000-06-01" 110.4 137.5 120 45
"2000-07-01" 185.7 226.6 150 120
"2000-08-01" 160.3 195.8 120 105
"2000-09-01" 145.4 0 60 60
"2000-09-30" 0 0 0 0
"2001-03-01" 14.6 29.7 0 0
"2001-04-01" 90.7 119 75 0
"2001-05-01" 32.5 46.2 30 44.07
"2001-06-01" 153.3 191 165 75
"2001-07-01" 109.5 136.6 75 60
"2001-08-01" 155.5 191.6 120 105
"2001-09-01" 144.2 0 45 45
"2001-09-30" 0 0 0 0
"2002-03-01" 16.6 30.5 0 0
"2002-04-01" 50.6 71.2 60 0
"2002-05-01" 95 116.8 60 45
"2002-06-01" 134.2 167.7 120 59.87
"2002-07-01" 132.5 171.8 135 105
"2002-08-01" 169.2 206.4 105 90
"2002-09-01" 121.7 0 30 30
"2002-09-30" 0 0 0 0
"2003-03-01" 15.5 0 0 0
"2003-04-01" 26.5 0 15 0
"2003-05-01" 88.5 0 30 44.32
"2003-06-01" 154 0 135 45
"2003-07-01" 154.8 0 165 150
"2003-08-01" 186.3 0 105 90
"2003-09-01" 58.1 4.4 0 0
"2003-09-30" 0 35.4 0 0
"2004-03-01" 13.9 25.7 0 0
"2004-04-01" 18.9 29.3 15 0
"2004-05-01" 28.7 43.4 15 44.22
"2004-06-01" 160.8 198.5 165 60
"2004-07-01" 139.6 178.6 120 105
"2004-08-01" 170.8 206.9 120 105
"2004-09-01" 152.9 0 45 45
"2004-09-30" 0 0 0 0
"2005-03-01" 21.2 40.3 0 0
"2005-04-01" 66.3 91 105 0
"2005-05-01" 85.7 114.1 135 59.94
"2005-06-01" 157.2 194.1 165 180
"2005-07-01" 173.9 215.7 150 135
"2005-08-01" 120.5 156.8 90 75
"2005-09-01" 147.3 0 30 45
"2005-09-30" 0 0 0 0
"2006-03-01" 23.5 42.6 0 0
"2006-04-01" 72.5 95.4 75 0
"2006-05-01" 110.2 136.9 105 59.93
"2006-06-01" 169.8 208.9 150 75
"2006-07-01" 173.4 214.5 150 120
"2006-08-01" 156.8 196 105 90
"2006-09-01" 116.1 0 30 45
"2006-09-30" 0 0 0 0
"2007-03-01" 21.2 50.3 0 0
"2007-04-01" 4.5 5.6 15 0
"2007-05-01" 108.4 135.2 60 45
"2007-06-01" 131.7 167 150 75
"2007-07-01" 175.6 214.7 165 150
"2007-08-01" 162.3 198.2 120 90
"2007-09-01" 166.4 0 45 45
"2007-09-30" 0 0 0 0
"2008-03-01" 18.2 33.5 0 0
"2008-04-01" 52 76.1 75 0
"2008-05-01" 52.3 65.1 75 0
"2008-06-01" 71.7 88.2 75 105
"2008-07-01" 117.9 158.6 135 105
"2008-08-01" 164.9 201.2 120 105
"2008-09-01" 143 0 60 45
"2008-09-30" 0 0 0 0
"2009-03-01" 22.6 41 0 0
"2009-04-01" 11.7 24.5 30 0
"2009-05-01" 109.7 138.1 75 59.69
"2009-06-01" 146.9 184.5 135 30
"2009-07-01" 144.1 185.3 150 135
"2009-08-01" 126.3 164.2 90 75
"2009-09-01" 153.7 0 30 30
"2009-09-30" 0 0 0 0
"2010-03-01" 10.5 19.7 0 0
"2010-04-01" 36.5 53.3 45 0
"2010-05-01" 77.2 101.7 30 44.55
"2010-06-01" 108.3 133.3 75 30
"2010-07-01" 183.5 225.3 165 135
"2010-08-01" 172.1 209 120 105
"2010-09-01" 162.8 0 45 45
"2010-09-30" 0 0 0 0
"2011-03-01" 9.8 22.6 0 0
"2011-04-01" 81.4 108.9 45 0
"2011-05-01" 70.3 86.6 75 45
"2011-06-01" 115.7 149.6 135 105
"2011-07-01" 169.4 208.6 150 120
"2011-08-01" 167.6 202.7 135 120
"2011-09-01" 191.1 0 45 60
"2011-09-30" 0 0 0 0
"2012-03-01" 35.6 58.4 0 0
"2012-04-01" 58.9 77.3 60 0
"2012-05-01" 85.5 113.9 105 45
"2012-06-01" 150.8 185.5 165 150
"2012-07-01" 142 177.4 135 120
"2012-08-01" 167.5 206.4 105 90
"2012-09-01" 124.2 0 60 60
"2012-09-30" 0 0 0 0
"2013-03-01" 11.5 23.3 0 0
"2013-04-01" 58.4 80.3 60 0
"2013-05-01" 51.2 66.2 15 43.34
"2013-06-01" 125.5 159.8 90 15
"2013-07-01" 102.1 138.9 135 105
"2013-08-01" 160.5 197.4 105 105
"2013-09-01" 171.8 0 75 60
"2013-09-30" 0 0 0 0
"2014-03-01" 24.6 43.9 0 0
"2014-04-01" 72.3 99.4 60 0
"2014-05-01" 124.1 155.6 75 29.68
"2014-06-01" 137.7 174.8 150 105
"2014-07-01" 144.8 182 135 120
"2014-08-01" 158.3 195.9 90 75
"2014-09-01" 60.5 0 15 15
"2014-09-30" 0 0 0 0
"2015-03-01" 26.9 48.3 0 0
"2015-04-01" 74.9 95.3 60 0
"2015-05-01" 124.8 155.7 75 60
"2015-06-01" 148.2 187.2 135 45
"2015-07-01" 176 220.5 150 135
"2015-08-01" 117.4 155.9 90 75
"2015-09-01" 147.6 0 30 45
"2015-09-30" 0 0 0 0
"2016-03-01" 3 5.6 0 0
"2016-04-01" 70.9 92.8 45 0
"2016-05-01" 60.8 80.6 15 30
"2016-06-01" 149.1 187.3 165 60
"2016-07-01" 182.6 224.2 180 150
"2016-08-01" 184.3 223.3 120 120
"2016-09-01" 171.9 0 60 45
"2016-09-30" 0 0 0 0
"2017-03-01" 24.5 44.2 0 0
"2017-04-01" 64.3 82.4 60 0
"2017-05-01" 90.9 121.2 105 45
"2017-06-01" 154.4 192.5 135 75
"2017-07-01" 169.9 212.9 150 135
"2017-08-01" 166.5 204.2 105 90
"2017-09-01" 142.1 0 45 60
"2017-09-30" 0 0 0 0
